21
73
3
35
73
61
17
97
96
57
84
63
66
52
32
97
19
74
41
37
42
49
73
55
38
7
48
82
15
74
52
50
8
92
11
10
82
87
60
42
56
21
86
29
80
50
39
73
64
10
89
62
34
36
70
28
36
57
68
28
48
1
18
72
6
97
33
64
6
88
95
83
45
64
56
39
44
70
17
38
98
5
61
3
78
19
90
43
14
38
88
19
77
64
56
84
46
69
57
96
50
56
79
52
22
99
50
85
98
94
67
11
31
67
51
10
65
16
97
36
57
97
95
87
49
80
68
20
20
98
18
28
31
96
56
70
83
29
93
51
25
81
4
72
56
72
59
67
49
2
17
75
81
43
78
64
19
18
100
59
54
62
88
38
77
49
68
62
59
55
61
35
54
32
95
35
73
41
58
70
5
79
76
28
61
58
28
57
70
31
27
39
79
53
68
87
39
15
58
63
47
44
17
71
31
24
22
95
49
79
9
75
44
34
18
80
37
86
36
31
70
52
15
37
21
38
19
81
74
91
54
37
81
38
18
92
52
49
94
66
65
69
29
72
66
16
46
1
84
3
58
85
85
58
94
69
47
36
99
10
75
70
87
71
90
9
80
30
43
80
82
53
97
41
42
11
57
68
17
28
38
25
81
62
95
36
45
48
61
23
54
98
71
95
43
63
81
24
66
27
20
47
50
27
77
92
77
54
88
25
12
98
46
91
56
80
7
65
30
27
39
65
9
51
1
14
44
71
89
56
80
74
74
7
70
23
23
14
20
33
78
50
82
41
77
39
6
10
58
66
81
97
86
71
14
28
16
61
71
38
86
86
37
30
50
19
73
57
36
95
23
49
80
61
68
62
94
74
4
51
18
2
54
62
39
89
38
88
36
94
84
21
21
30
90
17
89
72
77
41
48
84
76
52
17
68
11
72
74
61
10
74
53
88
38
39
93
60
86
49
92
64
99
80
6
22
61
47
66
2
65
62
50
84
98
5
40
96
71
5
100
99
91
28
70
1
63
14
45
12
87
74
24
53
4
57
20
3
56
15
57
14
54
58
5
44
93
49
59
83
39
53
58
67
45
55
92
47
71
60
16
40
55
90
64
83
24
78
76
73
65
29
90
57
84
8
71
78
80
30
62
45
27
12
51
16
73
41
18
40
48
52
35
80
74
4
82
70
96
80
68
21
24
65
85
88
99
10
30
64
76
59
53
38
86
45
45
72
16
59
87
79
30
85
49
91
99
48
85
58
24
70
80
29
87
69
50
77
95
9
46
92
46
86
36
31
40
11
16
23
19
98
93
78
76
40
89
78
96
52
14
77
38
86
32
64
65
21
9
76
17
3
43
36
87
14
96
73
50
45
45
26
24
61
57
10
40
28
36
62
96
53
28
48
90
17
47
78
23
4
10
35
88
38
61
32
20
54
74
41
7
82
55
35
26
71
94
27
59
61
18
58
41
2
60
45
75
80
91
15
4
9
18
59
73
24
29
25
56
88
19
36
90
11
51
45
39
73
12
20
81
84
2
13
16
96
34
35
55
30
54
49
9
24
43
12
62
55
12
81
51
4
13
72
53
85
26
87
4
16
29
98
82
31
72
54
57
90
12
29
97
18
68
28
69
25
18
85
47
19
22
30
44
46
90
38
32
99
62
3
77
10
38
4
30
62
44
95
1
99
28
32
67
87
36
49
70
76
65
96
55
96
49
3
60
10
40
99
99
5
65
21
99
92
89
98
11
4
27
55
52
29
7
43
17
63
79
17
59
5
42
88
59
7
80
75
12
18
19
66
40
50
92
58
99
52
48
11
73
99
95
12
23
49
48
59
65
90
53
2
100
44
51
7
42
19
50
69
72
67
52
85
43
49
68
65
43
61
63
69
20
61
8
72
72
37
52
58
74
38
61
14
50
32
36
90
55
54
7
98
79
47
8
23
94
82
49
76
63
38
97
66
28
85
66
30
93
43
81
73
71
51
52
99
94
55
35
34
20
39
31
4
40
54
53
88
95
72
19
96
65
84
34
85
18
6
11
80
74
34
57
14
100
13
63
99
9
61
96
19
56
98
66
45
45
19
48
87
40
13
98
74
96
63
90
31
70
5
22
42
15
59
24
42
75
24
61
1
46
19
56
55
60
84
34
33
26
28
69
18
81
31
88
40
22
24
89
27
96
30
30
12
30
32
46
19
23
54
17
1
29
54
30
90
52
86
91
69
49
12
60
29
68
17
49
51
90
4
65
72
80
52
54
74
59
80
9
15
86
71
